none	10000	100	0.000148773193359375
vsn	10000	100	1.15807604789734
limma_loess	10000	100	7.63156390190125
pairscale_mean	10000	100	0.0506010055541992
pairscale_median	10000	100	0.0694661140441895
pairscale_trimmedmean	10000	100	0.0800528526306152
pairscale_mode_fastest	10000	100	0.0459201335906982
pairscale_mode_fast	10000	100	0.0819849967956543
pairscale_mode_default	10000	100	0.104893207550049
none	100000	100	0.000172853469848633
vsn	100000	100	10.4633758068085
limma_loess	100000	100	81.9923849105835
pairscale_mean	100000	100	0.121089935302734
pairscale_median	100000	100	0.37584400177002
pairscale_trimmedmean	100000	100	0.503652811050415
pairscale_mode_fastest	100000	100	0.181362867355347
pairscale_mode_fast	100000	100	0.522162914276123
pairscale_mode_default	100000	100	0.705266952514648
none	10000	500	0.000198841094970703
vsn	10000	500	5.29763889312744
limma_loess	10000	500	38.5527160167694
pairscale_mean	10000	500	0.194228887557983
pairscale_median	10000	500	0.758949041366577
pairscale_trimmedmean	10000	500	1.01334500312805
pairscale_mode_fastest	10000	500	0.346515893936157
pairscale_mode_fast	10000	500	1.09901905059814
pairscale_mode_default	10000	500	1.51663398742676
none	100000	500	0.000181198120117188
vsn	100000	500	49.3804979324341
limma_loess	100000	500	410.69108080864
pairscale_mean	100000	500	1.84068703651428
pairscale_median	100000	500	7.02579712867737
pairscale_trimmedmean	100000	500	9.5280020236969
pairscale_mode_fastest	100000	500	3.1207389831543
pairscale_mode_fast	100000	500	9.93000507354736
pairscale_mode_default	100000	500	13.9927499294281
none	10000	1000	0.000199079513549805
vsn	10000	1000	11.0174560546875
limma_loess	10000	1000	81.0949890613556
pairscale_mean	10000	1000	0.721389055252075
pairscale_median	10000	1000	2.87848401069641
pairscale_trimmedmean	10000	1000	3.80573201179504
pairscale_mode_fastest	10000	1000	1.28575587272644
pairscale_mode_fast	10000	1000	4.08563685417175
pairscale_mode_default	10000	1000	5.58703279495239
none	100000	1000	0.000193119049072266
vsn	100000	1000	91.8491151332855
limma_loess	100000	1000	832.85396695137
pairscale_mean	100000	1000	6.98311114311218
pairscale_median	100000	1000	27.2547199726105
pairscale_trimmedmean	100000	1000	37.714497089386
pairscale_mode_fastest	100000	1000	12.5926918983459
pairscale_mode_fast	100000	1000	37.6574790477753
pairscale_mode_default	100000	1000	51.9157230854034
none	10000	2000	0.000188827514648438
vsn	10000	2000	23.1740880012512
limma_loess	10000	2000	160.165755033493
pairscale_mean	10000	2000	3.03988194465637
pairscale_median	10000	2000	11.7400181293488
pairscale_trimmedmean	10000	2000	15.335019826889
pairscale_mode_fastest	10000	2000	5.38153505325317
pairscale_mode_fast	10000	2000	16.6127021312714
pairscale_mode_default	10000	2000	23.2643270492554
none	100000	2000	0.000190973281860352
vsn	100000	2000	241.172330141068
limma_loess	100000	2000	1659.66328501701
pairscale_mean	100000	2000	27.6411409378052
pairscale_median	100000	2000	105.144483089447
pairscale_trimmedmean	100000	2000	139.718972921371
pairscale_mode_fastest	100000	2000	46.5647261142731
pairscale_mode_fast	100000	2000	143.136986970901
pairscale_mode_default	100000	2000	199.890128135681
none	10000	4000	0.000193119049072266
vsn	10000	4000	53.4762811660767
limma_loess	10000	4000	307.550210952759
pairscale_mean	10000	4000	16.0088999271393
pairscale_median	10000	4000	49.1392841339111
pairscale_trimmedmean	10000	4000	65.9091320037842
pairscale_mode_fastest	10000	4000	25.9142620563507
pairscale_mode_fast	10000	4000	68.4291369915009
pairscale_mode_default	10000	4000	91.9458410739899
none	100000	4000	0.000193119049072266
vsn	100000	4000	502.269186019897
limma_loess	100000	4000	3304.40376091003
pairscale_mean	100000	4000	120.47612786293
pairscale_median	100000	4000	415.079648017883
pairscale_trimmedmean	100000	4000	563.399343013763
pairscale_mode_fastest	100000	4000	191.273360013962
pairscale_mode_fast	100000	4000	568.583258152008
pairscale_mode_default	100000	4000	789.022166967392
none	10000	100	0.000182151794433594
vsn	10000	100	1.24633598327637
limma_loess	10000	100	8.25214791297913
pairscale_mean	10000	100	0.0472769737243652
pairscale_median	10000	100	0.0702989101409912
pairscale_trimmedmean	10000	100	0.0851149559020996
pairscale_mode_fastest	10000	100	0.0524098873138428
pairscale_mode_fast	10000	100	0.087224006652832
pairscale_mode_default	10000	100	0.104692935943604
none	100000	100	0.000186920166015625
vsn	100000	100	10.8739030361176
limma_loess	100000	100	82.340038061142
pairscale_mean	100000	100	0.121023893356323
pairscale_median	100000	100	0.37480092048645
pairscale_trimmedmean	100000	100	0.515252113342285
pairscale_mode_fastest	100000	100	0.179049015045166
pairscale_mode_fast	100000	100	0.5103600025177
pairscale_mode_default	100000	100	0.710283994674683
none	10000	500	0.000177145004272461
vsn	10000	500	5.26477479934692
limma_loess	10000	500	38.2496221065521
pairscale_mean	10000	500	0.186201095581055
pairscale_median	10000	500	0.768224954605103
pairscale_trimmedmean	10000	500	1.00588989257812
pairscale_mode_fastest	10000	500	0.348031997680664
pairscale_mode_fast	10000	500	1.08751606941223
pairscale_mode_default	10000	500	1.47563791275024
none	100000	500	0.000183820724487305
vsn	100000	500	49.4622609615326
limma_loess	100000	500	414.038821935654
pairscale_mean	100000	500	1.81394910812378
pairscale_median	100000	500	6.95722794532776
pairscale_trimmedmean	100000	500	9.42712187767029
pairscale_mode_fastest	100000	500	3.06092882156372
pairscale_mode_fast	100000	500	9.66510891914368
pairscale_mode_default	100000	500	13.6016550064087
none	10000	1000	0.000190019607543945
vsn	10000	1000	10.7847270965576
limma_loess	10000	1000	80.7380230426788
pairscale_mean	10000	1000	0.73042893409729
pairscale_median	10000	1000	2.91724109649658
pairscale_trimmedmean	10000	1000	3.8217978477478
pairscale_mode_fastest	10000	1000	1.30088186264038
pairscale_mode_fast	10000	1000	4.11265301704407
pairscale_mode_default	10000	1000	5.61359691619873
none	100000	1000	0.000186920166015625
vsn	100000	1000	92.0145030021667
limma_loess	100000	1000	826.082273006439
pairscale_mean	100000	1000	6.96864891052246
pairscale_median	100000	1000	28.1668741703033
pairscale_trimmedmean	100000	1000	39.014228105545
pairscale_mode_fastest	100000	1000	13.189945936203
pairscale_mode_fast	100000	1000	40.169294834137
pairscale_mode_default	100000	1000	54.5443639755249
none	10000	2000	0.000200033187866211
vsn	10000	2000	23.6291460990906
limma_loess	10000	2000	155.731285095215
pairscale_mean	10000	2000	2.96719193458557
pairscale_median	10000	2000	11.8741400241852
pairscale_trimmedmean	10000	2000	15.748076915741
pairscale_mode_fastest	10000	2000	5.6414041519165
pairscale_mode_fast	10000	2000	17.3904159069061
pairscale_mode_default	10000	2000	23.7984139919281
none	100000	2000	0.000195980072021484
vsn	100000	2000	240.519675016403
limma_loess	100000	2000	1697.40919399261
pairscale_mean	100000	2000	28.0951879024506
pairscale_median	100000	2000	112.575981140137
pairscale_trimmedmean	100000	2000	149.437076807022
pairscale_mode_fastest	100000	2000	50.857892036438
pairscale_mode_fast	100000	2000	147.20020699501
pairscale_mode_default	100000	2000	202.848023891449
none	10000	4000	0.000186920166015625
vsn	10000	4000	52.3622059822083
limma_loess	10000	4000	303.417762041092
pairscale_mean	10000	4000	15.7348470687866
pairscale_median	10000	4000	48.8043050765991
pairscale_trimmedmean	10000	4000	63.5151271820068
pairscale_mode_fastest	10000	4000	25.5454249382019
pairscale_mode_fast	10000	4000	68.8066430091858
pairscale_mode_default	10000	4000	91.8143119812012
none	100000	4000	0.000190019607543945
vsn	100000	4000	501.663344860077
limma_loess	100000	4000	3353.34777116776
pairscale_mean	100000	4000	120.145432949066
pairscale_median	100000	4000	410.523175954819
pairscale_trimmedmean	100000	4000	555.482712984085
pairscale_mode_fastest	100000	4000	192.156199932098
pairscale_mode_fast	100000	4000	569.145999193192
pairscale_mode_default	100000	4000	792.486719846725
none	10000	100	0.000163078308105469
vsn	10000	100	1.275799036026
limma_loess	10000	100	8.117023229599
pairscale_mean	10000	100	0.0525178909301758
pairscale_median	10000	100	0.071692943572998
pairscale_trimmedmean	10000	100	0.0863759517669678
pairscale_mode_fastest	10000	100	0.0521559715270996
pairscale_mode_fast	10000	100	0.0879440307617188
pairscale_mode_default	10000	100	0.109221935272217
none	100000	100	0.00018310546875
vsn	100000	100	10.8546090126038
limma_loess	100000	100	83.296688079834
pairscale_mean	100000	100	0.125683784484863
pairscale_median	100000	100	0.379869937896729
pairscale_trimmedmean	100000	100	0.50597620010376
pairscale_mode_fastest	100000	100	0.1908278465271
pairscale_mode_fast	100000	100	0.533249139785767
pairscale_mode_default	100000	100	0.710678100585938
none	10000	500	0.000175952911376953
vsn	10000	500	5.3695638179779
limma_loess	10000	500	39.1235749721527
pairscale_mean	10000	500	0.184499979019165
pairscale_median	10000	500	0.78900408744812
pairscale_trimmedmean	10000	500	1.02512907981873
pairscale_mode_fastest	10000	500	0.352175951004028
pairscale_mode_fast	10000	500	1.08975291252136
pairscale_mode_default	10000	500	1.51891016960144
none	100000	500	0.000190973281860352
vsn	100000	500	49.5632340908051
limma_loess	100000	500	415.893201112747
pairscale_mean	100000	500	1.78972315788269
pairscale_median	100000	500	6.97817397117615
pairscale_trimmedmean	100000	500	9.35521078109741
pairscale_mode_fastest	100000	500	3.02395391464233
pairscale_mode_fast	100000	500	9.63950991630554
pairscale_mode_default	100000	500	13.4485189914703
none	10000	1000	0.000184774398803711
vsn	10000	1000	10.7640359401703
limma_loess	10000	1000	80.2953209877014
pairscale_mean	10000	1000	0.707644939422607
pairscale_median	10000	1000	2.84749794006348
pairscale_trimmedmean	10000	1000	3.79092216491699
pairscale_mode_fastest	10000	1000	1.28482604026794
pairscale_mode_fast	10000	1000	4.07898712158203
pairscale_mode_default	10000	1000	5.60610198974609
none	100000	1000	0.000187158584594727
vsn	100000	1000	91.2933111190796
limma_loess	100000	1000	823.716325044632
pairscale_mean	100000	1000	7.13228511810303
pairscale_median	100000	1000	27.013044834137
pairscale_trimmedmean	100000	1000	36.8739938735962
pairscale_mode_fastest	100000	1000	12.5513010025024
pairscale_mode_fast	100000	1000	37.3004400730133
pairscale_mode_default	100000	1000	51.7537939548492
none	10000	2000	0.000180959701538086
vsn	10000	2000	23.2210609912872
limma_loess	10000	2000	150.801786184311
pairscale_mean	10000	2000	2.81741189956665
pairscale_median	10000	2000	11.1934821605682
pairscale_trimmedmean	10000	2000	14.8153719902039
pairscale_mode_fastest	10000	2000	5.1003429889679
pairscale_mode_fast	10000	2000	15.9518101215363
pairscale_mode_default	10000	2000	21.7768659591675
none	100000	2000	0.000197172164916992
vsn	100000	2000	236.92822098732
limma_loess	100000	2000	1610.34508419037
pairscale_mean	100000	2000	28.070289850235
pairscale_median	100000	2000	105.299164772034
pairscale_trimmedmean	100000	2000	139.23012804985
pairscale_mode_fastest	100000	2000	46.4833159446716
pairscale_mode_fast	100000	2000	145.227652788162
pairscale_mode_default	100000	2000	202.98868894577
none	10000	4000	0.000195980072021484
vsn	10000	4000	52.2942159175873
limma_loess	10000	4000	304.315735816956
pairscale_mean	10000	4000	15.7058708667755
pairscale_median	10000	4000	48.6876709461212
pairscale_trimmedmean	10000	4000	63.3324081897736
pairscale_mode_fastest	10000	4000	25.6209540367126
pairscale_mode_fast	10000	4000	67.4619450569153
pairscale_mode_default	10000	4000	90.6805698871613
none	100000	4000	0.000190019607543945
vsn	100000	4000	492.788848876953
limma_loess	100000	4000	3242.04958200455
pairscale_mean	100000	4000	123.686370849609
pairscale_median	100000	4000	408.202912807465
pairscale_trimmedmean	100000	4000	549.205813884735
pairscale_mode_fastest	100000	4000	189.605808019638
pairscale_mode_fast	100000	4000	564.555250883102
pairscale_mode_default	100000	4000	794.891594171524
msdap_mwmb	10000	100	9.26252913475037
msdap_mwmb	10000	500	311.277144908905
msdap_mwmb	10000	1000	1870.75240802765
msdap_mwmb	10000	2000	19011.6433329582
msdap_mwmb	10000	100	9.55913805961609
msdap_mwmb	10000	500	313.301687002182
msdap_mwmb	10000	1000	1866.14653396606
msdap_mwmb	10000	2000	19052.8128170967
msdap_mwmb	10000	100	14.9305889606476
msdap_mwmb	10000	500	316.682146072388
msdap_mwmb	10000	1000	1952.62117314339
msdap_mwmb	10000	2000	19676.1961328983
