none	10000	100	60752496
vsn	10000	100	201769848
limma_loess	10000	100	148309000
pairscale_mean	10000	100	84231008
pairscale_median	10000	100	82297768
pairscale_trimmedmean	10000	100	75219760
pairscale_mode_fastest	10000	100	83493920
pairscale_mode_fast	10000	100	76563392
pairscale_mode_default	10000	100	81937416
none	100000	100	131662472
vsn	100000	100	739738944
limma_loess	100000	100	325338216
pairscale_mean	100000	100	159564712
pairscale_median	100000	100	157746088
pairscale_trimmedmean	100000	100	159925184
pairscale_mode_fastest	100000	100	159253464
pairscale_mode_fast	100000	100	165381128
pairscale_mode_default	100000	100	158942168
none	10000	500	92947056
vsn	10000	500	499270688
limma_loess	10000	500	198542464
pairscale_mean	10000	500	127042448
pairscale_median	10000	500	133465072
pairscale_trimmedmean	10000	500	126960576
pairscale_mode_fastest	10000	500	139592760
pairscale_mode_fast	10000	500	131859512
pairscale_mode_default	10000	500	127960096
none	100000	500	444908336
vsn	100000	500	2553039416
limma_loess	100000	500	1108199320
pairscale_mean	100000	500	499319984
pairscale_median	100000	500	497108120
pairscale_trimmedmean	100000	500	502252720
pairscale_mode_fastest	100000	500	495994104
pairscale_mode_fast	100000	500	500106464
pairscale_mode_default	100000	500	498451656
none	10000	1000	124437080
vsn	10000	1000	744408312
limma_loess	10000	1000	296518832
pairscale_mean	10000	1000	228099080
pairscale_median	10000	1000	228115392
pairscale_trimmedmean	10000	1000	242975728
pairscale_mode_fastest	10000	1000	241615952
pairscale_mode_fast	10000	1000	243778592
pairscale_mode_default	10000	1000	235308064
none	100000	1000	844792888
vsn	100000	1000	6979573688
limma_loess	100000	1000	2062928344
pairscale_mean	100000	1000	966084024
pairscale_median	100000	1000	973309416
pairscale_trimmedmean	100000	1000	965936712
pairscale_mode_fastest	100000	1000	976340648
pairscale_mode_fast	100000	1000	979093016
pairscale_mode_default	100000	1000	968017528
none	10000	2000	211370680
vsn	10000	2000	1092912664
limma_loess	10000	2000	528876984
pairscale_mean	10000	2000	621970872
pairscale_median	10000	2000	618530016
pairscale_trimmedmean	10000	2000	622593392
pairscale_mode_fastest	10000	2000	620905888
pairscale_mode_fast	10000	2000	613205312
pairscale_mode_default	10000	2000	613598624
none	100000	2000	1654671040
vsn	100000	2000	13791472056
limma_loess	100000	2000	3963572592
pairscale_mean	100000	2000	2065402136
pairscale_median	100000	2000	2064353536
pairscale_trimmedmean	100000	2000	2061977880
pairscale_mode_fastest	100000	2000	2069694864
pairscale_mode_fast	100000	2000	2067319208
pairscale_mode_default	100000	2000	2063124832
none	10000	4000	370049840
vsn	10000	4000	2069301528
limma_loess	10000	4000	1025361600
pairscale_mean	10000	4000	1676757320
pairscale_median	10000	4000	1679165696
pairscale_trimmedmean	10000	4000	1678330256
pairscale_mode_fastest	10000	4000	1681672592
pairscale_mode_fast	10000	4000	1679968680
pairscale_mode_default	10000	4000	1673628048
none	100000	4000	3253816176
vsn	100000	4000	27373637504
limma_loess	100000	4000	7871470864
pairscale_mean	100000	4000	4561211712
pairscale_median	100000	4000	4567208304
pairscale_trimmedmean	100000	4000	4571681184
pairscale_mode_fastest	100000	4000	4561719712
pairscale_mode_fast	100000	4000	4564439432
pairscale_mode_default	100000	4000	4565733840
none	10000	100	60261072
vsn	10000	100	231457680
limma_loess	10000	100	143443096
pairscale_mean	10000	100	76268384
pairscale_median	10000	100	83821552
pairscale_trimmedmean	10000	100	82838512
pairscale_mode_fastest	10000	100	76841968
pairscale_mode_fast	10000	100	83362920
pairscale_mode_default	10000	100	83133472
none	100000	100	128762552
vsn	100000	100	743195776
limma_loess	100000	100	309363864
pairscale_mean	100000	100	162743232
pairscale_median	100000	100	157057984
pairscale_trimmedmean	100000	100	158057360
pairscale_mode_fastest	100000	100	160170968
pairscale_mode_fast	100000	100	159581144
pairscale_mode_default	100000	100	166085616
none	10000	500	91636360
vsn	10000	500	498418840
limma_loess	10000	500	197280584
pairscale_mean	10000	500	127239200
pairscale_median	10000	500	126813096
pairscale_trimmedmean	10000	500	133743624
pairscale_mode_fastest	10000	500	135529528
pairscale_mode_fast	10000	500	127681568
pairscale_mode_default	10000	500	127861744
none	100000	500	444531528
vsn	100000	500	2554235424
limma_loess	100000	500	1191413536
pairscale_mean	100000	500	504202440
pairscale_median	100000	500	495764608
pairscale_trimmedmean	100000	500	504595680
pairscale_mode_fastest	100000	500	502400200
pairscale_mode_fast	100000	500	503530768
pairscale_mode_default	100000	500	504399144
none	10000	1000	128565872
vsn	10000	1000	733414600
limma_loess	10000	1000	287491248
pairscale_mean	10000	1000	248054888
pairscale_median	10000	1000	243057720
pairscale_trimmedmean	10000	1000	235340856
pairscale_mode_fastest	10000	1000	237716512
pairscale_mode_fast	10000	1000	236012600
pairscale_mode_default	10000	1000	244188336
none	100000	1000	845005928
vsn	100000	1000	6981212064
limma_loess	100000	1000	2116635288
pairscale_mean	100000	1000	965985816
pairscale_median	100000	1000	982484528
pairscale_trimmedmean	100000	1000	977372624
pairscale_mode_fastest	100000	1000	971458216
pairscale_mode_fast	100000	1000	979289648
pairscale_mode_default	100000	1000	981124680
none	10000	2000	211665616
vsn	10000	2000	1093764632
limma_loess	10000	2000	528270656
pairscale_mean	10000	2000	615499072
pairscale_median	10000	2000	615646408
pairscale_trimmedmean	10000	2000	619119840
pairscale_mode_fastest	10000	2000	615597472
pairscale_mode_fast	10000	2000	613483984
pairscale_mode_default	10000	2000	612107584
none	100000	2000	1651820176
vsn	100000	2000	13791750560
limma_loess	100000	2000	3928739200
pairscale_mean	100000	2000	2070546712
pairscale_median	100000	2000	2061977808
pairscale_trimmedmean	100000	2000	2069776760
pairscale_mode_fastest	100000	2000	2069350824
pairscale_mode_fast	100000	2000	2071955904
pairscale_mode_default	100000	2000	2059356488
none	10000	4000	373080952
vsn	10000	4000	2077427968
limma_loess	10000	4000	922879752
pairscale_mean	10000	4000	1679837608
pairscale_median	10000	4000	1678100760
pairscale_trimmedmean	10000	4000	1680247208
pairscale_mode_fastest	10000	4000	1676855720
pairscale_mode_fast	10000	4000	1678494072
pairscale_mode_default	10000	4000	1680345536
none	100000	4000	3253242736
vsn	100000	4000	27369017216
limma_loess	100000	4000	7756946944
pairscale_mean	100000	4000	4565913968
pairscale_median	100000	4000	4566733144
pairscale_trimmedmean	100000	4000	4560867648
pairscale_mode_fastest	100000	4000	4570665376
pairscale_mode_fast	100000	4000	4567110096
pairscale_mode_default	100000	4000	4563866016
none	10000	100	58376816
vsn	10000	100	225706800
limma_loess	10000	100	145441824
pairscale_mean	10000	100	83329864
pairscale_median	10000	100	82084824
pairscale_trimmedmean	10000	100	82756568
pairscale_mode_fastest	10000	100	76743616
pairscale_mode_fast	10000	100	83657736
pairscale_mode_default	10000	100	76579824
none	100000	100	124633688
vsn	100000	100	754893928
limma_loess	100000	100	324502632
pairscale_mean	100000	100	164709312
pairscale_median	100000	100	163201984
pairscale_trimmedmean	100000	100	157647760
pairscale_mode_fastest	100000	100	159499200
pairscale_mode_fast	100000	100	163726344
pairscale_mode_default	100000	100	167101520
none	10000	500	91636384
vsn	10000	500	491570256
limma_loess	10000	500	195331248
pairscale_mean	10000	500	126403424
pairscale_median	10000	500	134841376
pairscale_trimmedmean	10000	500	132465624
pairscale_mode_fastest	10000	500	135365664
pairscale_mode_fast	10000	500	134775864
pairscale_mode_default	10000	500	138380224
none	100000	500	444711728
vsn	100000	500	2553465376
limma_loess	100000	500	1060046768
pairscale_mean	100000	500	494159096
pairscale_median	100000	500	494240920
pairscale_trimmedmean	100000	500	496469096
pairscale_mode_fastest	100000	500	501630152
pairscale_mode_fast	100000	500	505038024
pairscale_mode_default	100000	500	504923360
none	10000	1000	133333760
vsn	10000	1000	735495392
limma_loess	10000	1000	284591304
pairscale_mean	10000	1000	243827744
pairscale_median	10000	1000	236487760
pairscale_trimmedmean	10000	1000	244335744
pairscale_mode_fastest	10000	1000	230867976
pairscale_mode_fast	10000	1000	237782192
pairscale_mode_default	10000	1000	228918304
none	100000	1000	851723368
vsn	100000	1000	6995580880
limma_loess	100000	1000	2181745400
pairscale_mean	100000	1000	974882400
pairscale_median	100000	1000	974308888
pairscale_trimmedmean	100000	1000	979486160
pairscale_mode_fastest	100000	1000	965215816
pairscale_mode_fast	100000	1000	967706160
pairscale_mode_default	100000	1000	963085872
none	10000	2000	207766176
vsn	10000	2000	1092683312
limma_loess	10000	2000	576947712
pairscale_mean	10000	2000	620168440
pairscale_median	10000	2000	616695080
pairscale_trimmedmean	10000	2000	619332856
pairscale_mode_fastest	10000	2000	614319472
pairscale_mode_fast	10000	2000	613205312
pairscale_mode_default	10000	2000	612910400
none	100000	2000	1645446824
vsn	100000	2000	13777021296
limma_loess	100000	2000	3919728072
pairscale_mean	100000	2000	2062862712
pairscale_median	100000	2000	2066663704
pairscale_trimmedmean	100000	2000	2064222536
pairscale_mode_fastest	100000	2000	2071726480
pairscale_mode_fast	100000	2000	2060716336
pairscale_mode_default	100000	2000	2061453688
none	10000	4000	373506960
vsn	10000	4000	2073151672
limma_loess	10000	4000	952190920
pairscale_mean	10000	4000	1673267432
pairscale_median	10000	4000	1679067512
pairscale_trimmedmean	10000	4000	1678559560
pairscale_mode_fastest	10000	4000	1676577120
pairscale_mode_fast	10000	4000	1680247112
pairscale_mode_default	10000	4000	1677691184
none	100000	4000	3252800296
vsn	100000	4000	27379748736
limma_loess	100000	4000	8002903216
pairscale_mean	100000	4000	4561572184
pairscale_median	100000	4000	4572713352
pairscale_trimmedmean	100000	4000	4570796448
pairscale_mode_fastest	100000	4000	4567830968
pairscale_mode_fast	100000	4000	4570124776
pairscale_mode_default	100000	4000	4563931552
msdap_mwmb	10000	100	501171472
msdap_mwmb	10000	500	775653896
msdap_mwmb	10000	1000	1025887160
msdap_mwmb	10000	2000	1702121864
msdap_mwmb	10000	100	499958768
msdap_mwmb	10000	500	753879440
msdap_mwmb	10000	1000	1067387640
msdap_mwmb	10000	2000	1673662856
msdap_mwmb	10000	100	521258496
msdap_mwmb	10000	500	782928272
msdap_mwmb	10000	1000	1251347624
msdap_mwmb	10000	2000	1987728256
